37                                               

-0.661087836365773225965e-1 -0.283679346967146209235e-12
0.880222948384474456689e-3 -0.327812043559735698066e-13
0.201847242703268193938e0 0.715011427479929698170e-12
0.271699587110087120639e-2 0.450058580578119711785e-13
0.210792525641830277782e0 0.155379826165908882518e-11
0.280151035565408376254e0 0.205546592184466421493e-11
0.112760565493593200551e1 0.458343093838985138344e-12
0.992488859857358577375e0 -0.302383037229306261828e-13
0.587138474621636391882e0 -0.150041965478594704897e-11
0.977390863152281915143e0 -0.188290572369909092743e-12
0.557429965980739476096e0 -0.326637740970638426607e-11
0.417443000256894146920e0 -0.429406681788863445193e-11

-0.660094345126709364141e-1 -0.392334593835703092368e-12
0.878890104805574618677e-3 -0.471275218012645076690e-14
0.201543863957239903503e0 0.115657595059861541265e-11
0.131171353492128924242e-2 0.285023399921956917800e-13
0.567791714720508695767e-5 -0.162956494491778394450e-13
-0.429667288777513016239e-3 -0.312219820303217950811e-13
0.112732437255062761642e1 0.735064298925530712481e-12
0.992505428655344239849e0 -0.451745981117426809170e-13
0.588048596969497589057e0 -0.238715579421733270493e-11
0.989137437377801461943e0 -0.105756996584584206378e-12
0.999802739301895583449e0 0.311384896816910283768e-13
0.100335783994326022258e1 0.767873991388418053461e-13

0.280197467573095180903e0 0.293725058474731781470e-9
0.210493623329250175160e0 0.220625442757014329428e-9
0.138209059746317774030e-2 0.139702149127592570158e-11
0.174645050479285518465e-2 -0.410601114948668802966e-12
0.265998720495021649288e0 -0.375548748796452648568e-12
0.354082810491782826293e0 -0.364007032117386400416e-12
0.414995576966996518309e0 -0.613309476979012309708e-9
0.558236799353671202251e0 -0.463040170042719554516e-9
0.987960466513530858831e0 -0.121796266445311530957e-10
0.984958337290801347536e0 -0.139117919793632985326e-11
0.441751323572539288462e0 0.752195601270121139148e-12
0.260682318999809276141e0 0.146650509085259530412e-11

0.354102328085418714660e0 -0.311153358537963418279e-9
0.266011109358321955724e0 -0.233788683446929223403e-9
0.173745317728351937381e-2 -0.179276579903544423886e-11
0.111851798263509342052e-4 0.119591393721814159033e-12
0.484137787394898036305e-7 0.648996390117105851021e-13
-0.366384157041102154927e-5 0.466609960210228503066e-13
0.260552891317282107902e0 0.649016987695023514493e-9
0.441730814837298891765e0 0.490010147475433699427e-9
0.985264585397513998255e0 0.129071220128940816751e-10
0.999612495435300429697e0 0.177196178194859166322e-11
0.999992963061008810965e0 -0.951013627657065763188e-13
0.100011978560291184054e1 -0.717514887565648407097e-12

-0.289011840259858010788e-5 0.284329176559461828209e-17
0.381901340416878096603e-7 0.267133000614390428364e-17
0.882311574396248185510e-5 0.211927392663902764698e-17
0.137056824586013617249e-2 0.892931545083642738692e-18
0.210481319393631176467e0 0.144842633980485357981e-18
0.280184903109554856549e0 -0.109267250195804743740e-18
0.100009471061449714741e1 -0.671188907404307588678e-17
0.999994436118586437704e0 -0.620705743747951288469e-17
0.999693612630854308305e0 -0.473660824104604749607e-17
0.988349168702160223339e0 -0.137558150634098375065e-17
0.558269563656270833272e0 -0.182959116606928873239e-18
0.414909695307641036583e0 0.208370105024557883411e-18

-0.224435903887321181984e-16 0.433053919618760552337e-17
-0.220431449968335439995e-16 0.425166928157002036514e-17
-0.208541918316539742430e-16 0.402988708954800131102e-17
-0.576297405721175686520e-17 0.107461488977189473325e-17
-0.518111913420919732973e-17 0.966226993364588458886e-18
-0.500405156927989866813e-17 0.933143683196587434843e-18
0.100000000000000004630e1 -0.870072243419617308291e-17
0.100000000000000004521e1 -0.851098705401120980696e-17
0.100000000000000004207e1 -0.791467585914418236825e-17
0.100000000000000000900e1 -0.169406589450860067814e-17
0.100000000000000001019e1 -0.193801138331783917579e-17
0.100000000000000001063e1 -0.201932654625425200834e-17

-0.447465963389698064633e-3 0.568405711054336632475e-13
0.591313298894769672760e-5 0.541240054503884387618e-13
0.136605042212719439629e-2 0.525481554428629260567e-13
0.209798231431726086557e0 -0.723400331675253145669e-13
0.254425148796179021425e0 -0.187056247541214745907e-11
0.269300787917660047581e0 -0.246819630417949948883e-11
0.100358239704429456419e1 -0.141192565722859236788e-13
0.999789547390536860081e0 -0.219448347297743207029e-13
0.988410998429266057276e0 -0.388519647226762132597e-13
0.560517995928795796233e0 0.227260982791797558344e-12
0.460210852183390711268e0 0.398062799492364047249e-11
0.426775137601584593847e0 0.523378466149473746405e-11

-0.687821893528857719353e-1 -0.280867992488801612380e-10
0.916099686374902863580e-3 0.210328504464446353994e-12
0.210010966804334546623e0 0.850701911868302802777e-10
0.276164581073237362153e0 -0.314623234556150530028e-11
0.120763683705960772387e-2 -0.469131337018502533528e-12
-0.904446779083329106927e-1 0.423237786234976348654e-12
0.113612104756459832556e1 0.538657639000995891454e-10
0.991987390391211815133e0 -0.313138336332889621882e-11
0.559586418871182555068e0 -0.174144750188101951616e-9
0.427072727582572284869e0 0.296083619319258140035e-11
0.989570089413721858053e0 0.798379754234773697519e-12
0.117706921002409721196e1 0.788769548808188059041e-13

-0.584112839822949462394e-3 0.571429086685742305291e-11
0.771900441991438702810e-5 0.553660009596997576601e-11
0.178321453737524480350e-2 0.566193633489765739154e-11
0.272916832846887098308e0 0.343226237734743210711e-10
0.249631250256484271615e0 -0.517348139768134722763e-9
0.241869389392713634015e0 -0.701052889713935740643e-9
0.100463628008787055220e1 -0.177682999200458671685e-11
0.999727635372425905709e0 -0.302231338371837521262e-11
0.985001701226318534187e0 -0.610078038299410527201e-11
0.431717780573732074276e0 -0.482881147041832811673e-10
0.468501259816000942032e0 0.109119560018998266494e-8
0.480762419563000466244e0 0.147123040096839132265e-8

-0.588066577447803835513e-3 -0.559289510126215899744e-11
0.777125218042341477109e-5 -0.543721729571001090584e-11
0.179528474081464332694e-2 -0.561674569744943484199e-11
0.274736461661162323166e0 -0.466342806452785425819e-10
0.222188710086153286301e0 0.703359899021984975691e-9
0.204672792894778120219e0 0.953161941169962606893e-9
0.100465735770853977697e1 0.143934005474933082724e-11
0.999726397131959337525e0 0.296063585295989681323e-11
0.984933515401967743747e0 0.687837819742052186678e-11
0.429152641977538924431e0 0.656435843724746670436e-10
0.526038021520980179034e0 -0.148104383438998356802e-8
0.558333148035874104445e0 -0.199682815472419913569e-8

-0.366384191909967273621e-5 0.598424181212884691792e-17
0.484141501894607210729e-7 0.555390171600631620052e-17
0.111851823580568843127e-4 0.427273434911547109018e-17
0.173745317193654609026e-2 0.149282939508670010539e-17
0.266011108386931528942e0 0.109436656785255603808e-17
0.354102326791929856591e0 0.972393823447936789250e-18
0.100011978560018825648e1 -0.119668814788087551904e-16
0.999992963060381878160e0 -0.111266247951324892540e-16
0.999612495440962743360e0 -0.864651232557189786121e-17
0.985264585451162836665e0 -0.231748214368776572769e-17
0.441730816877688213431e0 -0.212097049992476804903e-17
0.260552894019863339001e0 -0.203626720519933801512e-17

0.280135894974844385511e0 0.127384543641443845341e-9
0.210925872355271381726e0 0.957316764990429232285e-10
0.329580449642004073466e-2 0.825599480714343542803e-12
0.287242034124920803551e0 -0.237187871475691772205e-11
0.125659712684739952127e-2 -0.278514145348745406107e-13
-0.940718818725103200464e-1 0.753617840739328678779e-12
0.418516021838331357213e0 -0.265739696103683455120e-9
0.557070962615080197803e0 -0.200606280190336085101e-9
0.972735784945238263015e0 -0.516047390908790093444e-11
0.412592076564011724354e0 0.396920975362542727272e-11
0.989305002288995443739e0 0.391063104208250189586e-12
0.118154264419732165931e1 -0.803239527842614098319e-12

0.280184901756221204538e0 0.289414744224908686981e-9
0.210481318377288973890e0 0.217462758148316993162e-9
0.137056824023418323325e-2 0.170361313627044776023e-11
0.882311832649151327097e-5 -0.897462611389469626202e-13
0.381905137234632202756e-7 -0.614066162886131215624e-13
-0.289011875725372442635e-5 -0.519525294921184570005e-13
0.414909698135211828864e0 -0.603587959967883877499e-9
0.558269565791025881840e0 -0.455712144967678964291e-9
0.988349168758298955891e0 -0.120026784464124375296e-10
0.999693612636684808938e0 -0.172188711856577358894e-11
0.999994436117946379711e0 0.891404192213812729406e-13
0.100009471061169999536e1 0.692873520060158232248e-12

0.280150816049777446666e0 0.586153317232157708080e-10
0.210911695756076036034e0 0.451096521586675548721e-10
0.319433487494828384415e-2 0.498296621087329394710e-11
0.272324911868463254914e0 0.532717879987850643358e-10
0.249659348339307104070e0 -0.339812218613083898838e-9
0.242104160496051441394e0 -0.470701286785614805841e-9
0.418387891150569126900e0 -0.114206360890539834405e-9
0.557109564239025175606e0 -0.878839227919905787573e-10
0.973274583504427978869e0 -0.849552526038192118429e-11
0.432635739451004600162e0 -0.911718499531550836262e-10
0.468453613108055907965e0 0.716584005827446525808e-9
0.480392904326786676774e0 0.985990601936204830169e-9

0.352737963050457470495e0 -0.222972736950340913106e-9
0.265447787069511791710e0 -0.168611560928270997131e-9
0.357725912667699088826e-2 -0.591431997433159825270e-11
0.274022083085495735474e0 -0.773502453325122362598e-10
0.222165248980249171453e0 0.480405895375872124542e-9
0.204879637612023315896e0 0.666176368256855442815e-9
0.266819704825831825713e0 0.456963599928118368448e-9
0.442654930897318181027e0 0.347041263564981661283e-9
0.970160609111719707764e0 0.168574695083014911012e-10
0.430247662428919985149e0 0.134686020332225233481e-9
0.526100635141408624733e0 -0.101064434314293398465e-8
0.558051626045845938426e0 -0.139259002186796834732e-8

-0.940718818675954201520e-1 0.131603656398633465929e-12
0.125659712655224724654e-2 -0.336868199216573251738e-13
0.287242034108990329787e0 -0.533604840950155021040e-12
0.329580449886807155542e-2 0.234049506007073164580e-13
0.210925872797075213526e0 0.181613586474303756457e-11
0.280135895563146021189e0 0.241250856097829924352e-11
0.118154264418911629075e1 -0.331119355025111250512e-12
0.989305002289596727681e0 0.179422042544466475711e-13
0.412592076591033813239e0 0.106133362460982677566e-11
0.972735784921359285444e0 -0.103781485358625524817e-12
0.557070961687231517537e0 -0.381412889010994404781e-11
0.418516020609191280032e0 -0.505250084392033782521e-11

-0.429667288900375740438e-3 0.465050204800172752723e-17
0.567791708660851209722e-5 0.483421234800243111872e-17
0.131171353504756122896e-2 0.545380691935402461129e-17
0.201543863962732965197e0 -0.245300741524845378194e-17
0.878890104803924516281e-3 0.114259450628684776363e-17
-0.660094345145057557385e-1 0.234289313210539473786e-17
0.100335783994357269366e1 -0.848388199969907219611e-17
0.999802739302009163167e0 -0.875493254282044830461e-17
0.989137437377318571685e0 -0.964939933512098946267e-17
0.588048596958204325641e0 0.550232602536393500259e-17
0.992505428655131807347e0 -0.208708918203459603546e-17
0.112732437255410763456e1 -0.460785923306339384453e-17

-0.616251686520958584380e-3 0.212393511524015810021e-17
0.814374461025018536161e-5 0.247754490093922679489e-17
0.188133003800387645011e-2 0.353657431302351749070e-17
0.287697307691000780217e0 0.169406589450860067814e-18
0.125861021065108472651e-2 0.868473468731674816401e-18
-0.942209556161321471260e-1 0.110114283143059044079e-17
0.100479883180116258607e1 -0.449943901581484340113e-17
0.999718085961617530084e0 -0.523127548224255889409e-17
0.984475848442982362117e0 -0.729125960996501731870e-17
0.411952246285784071762e0 -0.121972744404619248826e-18
0.989293294116878669045e0 -0.176182853028894470526e-17
0.118174031006057686814e1 -0.227682456221955931142e-17

0.354077638973469693162e0 -0.292522143809678496218e-9
0.265995443754014932933e0 -0.219721054794857540739e-9
0.174885809589686753254e-2 -0.138776772754411448874e-11
0.174885808808788227922e-2 0.413004681686060733678e-12
0.265995442801577135629e0 0.375322773958652357307e-12
0.354077637706055703946e0 0.362979733618297439879e-12
0.260716563060450777733e0 0.610806006469706151869e-9
0.441756747533126725209e0 0.461149364076602740620e-9
0.984877300951315173187e0 0.121272499421093415961e-10
0.984877300997949959715e0 0.138391087597857648239e-11
0.441756749533549377144e0 -0.751748889646266377218e-12
0.260716565712059029930e0 -0.146338693556892236042e-11

-0.444414730466065576818e-3 -0.556473020796634542290e-13
0.587280973976645111377e-5 -0.527928773024312481767e-13
0.135673543035466898453e-2 -0.506432275981303984516e-13
0.208383725699654849176e0 0.112764742408641947813e-12
0.218319942251296328139e0 0.290683314516039428138e-11
0.221632014435179997970e0 0.383627870681295390920e-11
0.100354642360927484427e1 0.134709883764343174573e-13
0.999791660699520297806e0 0.216016373083376123088e-13
0.988527371970254065158e0 0.395841738836007206448e-13
0.564927002017356086718e0 -0.353303554489516058457e-12
0.536016762758002404785e0 -0.615562570873058080567e-11
0.526380016338222136659e0 -0.809195461017649803059e-11

-0.942209556176486527428e-1 0.273105871956020457292e-12
0.125861021064745803043e-2 0.495207203524562333125e-14
0.287697307695531422843e0 -0.798159817047821434910e-12
0.188133003811565611247e-2 -0.226927644780927330803e-13
0.814374455513802608517e-5 0.137779354483549820737e-13
-0.616251686631680080985e-3 0.259295016215242002519e-13
0.118174031006344814959e1 -0.508105818704251976925e-12
0.989293294116702856501e0 0.314741993318740087560e-13
0.411952246276463807231e0 0.165130232485924052788e-11
0.984475848442568320811e0 0.792528613265466863602e-13
0.999718085961721260910e0 -0.265121990116953809569e-13
0.100479883180143896937e1 -0.617815531806648055024e-13

0.280151034836328960762e0 0.144395331967890096225e-9
0.210792525094265421735e0 0.108537877626247846602e-9
0.271699586791806870736e-2 0.102948776860827949809e-11
0.201847242686400739551e0 0.160631096369091147524e-11
0.880222948567103432305e-3 -0.116112820127165861442e-13
-0.661087836307105394224e-1 -0.550809230379632232266e-12
0.417443001779512213407e0 -0.300967097123798661695e-9
0.557429967130583018146e0 -0.227258856806862585831e-9
0.977390863183691155206e0 -0.607708409419357997727e-11
0.587138474662697869234e0 -0.417436675774918858339e-11
0.992488859858241141416e0 0.206796629516683982963e-12
0.112760565492341857023e1 0.166581348324743028222e-11

0.353110293566217869112e0 -0.162171579469331042511e-9
0.265604678434198170935e0 -0.121887064948467821468e-9
0.308783303829217977974e-2 -0.109807167842867711184e-11
0.201926803856756913712e0 -0.163708173942954046676e-11
0.880572491728743519245e-3 0.150893256344007822356e-13
-0.661348379632808519503e-1 0.565709100657646457577e-12
0.265087586836450742354e0 0.338119694819982805761e-9
0.442397000725797324300e0 0.255310499507727627078e-9
0.974325242393938728536e0 0.682602230490415851083e-11
0.586900217451476309224e0 0.433687112643462574502e-11
0.992484522350442956097e0 -0.197162490327140726976e-12
0.112767929065010187183e1 -0.170721742949117571975e-11

0.280160482286626441183e0 0.156270664809470406602e-9
0.210811346277777996908e0 0.117375606557154296174e-9
0.276393825108357920367e-2 0.719134195973358678533e-12
0.208797712737072232501e0 0.151561234706433251712e-10
0.218355934961503385410e0 0.224738899212896135402e-10
0.221542009036345290750e0 0.249052128221380385600e-10
0.417582366603912869549e0 -0.326277303609799444739e-9
0.557379665467050435814e0 -0.246509445949778414550e-9
0.976771562056364177416e0 -0.718880746489007627087e-11
0.563789292346492011286e0 -0.333606814150236557354e-10
0.535924358595911895227e0 -0.479519499093164231623e-10
0.526636047345752469505e0 -0.528241711304907810010e-10

0.280149131985109226120e0 0.224017720982372511504e-9
0.210913568270323356079e0 0.167144798493562432920e-9
0.320687712570549517459e-2 -0.378539766377624544553e-11
0.274170058612559025519e0 -0.888788541563909333804e-10
0.222170135561349468167e0 0.478592877669800891710e-9
0.204836827877826578551e0 0.667601821182717616865e-9
0.418404509350044277283e0 -0.476618026025010105284e-9
0.557104475093493696047e0 -0.357680287081316161668e-9
0.973204372323613149578e0 -0.122830402533163907108e-11
0.430020395336534455729e0 0.155755730605862743876e-9
0.526087600956980861269e0 -0.100649130095462795501e-8
0.558110002830766361258e0 -0.139407639628669720311e-8

-0.679652502458173126874e-1 -0.647688977103988428041e-11
0.905134081874871739401e-3 0.260147782781455826420e-13
0.207516287065002731508e0 0.195239206475083387771e-10
0.207516287156708724202e0 -0.126482903469414542652e-12
0.905134082661061713637e-3 -0.142422240510079746965e-12
-0.679652502753548641421e-1 -0.147726977677530013633e-12
0.113368402699588059952e1 0.123883830711185582985e-10
0.992130934995762885206e0 -0.717551614914241353560e-12
0.567471658995447350256e0 -0.400432472418129833946e-10
0.567471658811073183444e0 -0.539259351691086241676e-12
0.992130934991363605871e0 0.223849991277599857931e-12
0.113368402705145846746e1 0.478629207665073885813e-12

-0.940330921240526889106e-1 0.416672498235312258053e-13
0.125607332348588846936e-2 0.490859794746681019854e-13
0.287123569666103412181e0 0.778955960606571296001e-13
0.366673857851615406166e-2 -0.405508256177596613287e-13
0.265431346990378223306e0 -0.785804892835216539648e-12
0.352686216460996631520e0 -0.103283969376220807757e-11
0.118149111802883186549e1 0.369006583102182705858e-13
0.989308054223773483931e0 0.161066364239015324955e-14
0.412758862808600397140e0 -0.982793422923781967437e-13
0.969690899383963439905e0 0.115536120709643086446e-12
0.442681700318219533915e0 0.165460053563057721271e-11
0.267011967296301885660e0 0.216943924982596417217e-11

0.354082811760155875488e0 -0.297300643598260639668e-9
0.265998721446904154073e0 -0.223321776082729126552e-9
0.174645050739498054543e-2 -0.146005426855277383227e-11
0.138209060041789782929e-2 0.362724345941906824812e-12
0.210493624326664388420e0 -0.428135053756226961058e-12
0.280197468902064884014e0 -0.692310546388029239562e-12
0.260682316352877293001e0 0.620666496328533011167e-9
0.441751321572900196430e0 0.468601905013369226301e-9
0.984958337233128939346e0 0.123508100194200847247e-10
0.987960466453555699389e0 0.149973144221036882445e-11
0.558236797258476402639e0 0.934476376623439089486e-12
0.414995574193430257859e0 0.745280501368735231321e-12

-0.904446779324713756148e-1 0.559372644199100568091e-11
0.120763683472781316780e-2 -0.197947223789366236711e-13
0.276164581136278061848e0 -0.168504575866050033961e-10
0.210010967203553130459e0 0.191947830243191508437e-12
0.916099686517103676284e-3 0.131752774246126760156e-12
-0.687821894858282034804e-1 0.111678895298172875528e-12
0.117706921007408635629e1 -0.106936720492122744330e-10
0.989570089414771366136e0 0.618942532859892424746e-12
0.427072727436791710381e0 0.345639823728406681003e-10
0.559586418050256272820e0 0.296519563460287405299e-12
0.991987390377582690557e0 -0.210115806047531106238e-12
0.113612104782002666322e1 -0.379374266376575342008e-12

0.280161997792218345383e0 0.117436164669498474024e-9
0.210814916064831040624e0 0.883609271880219445013e-10
0.277367088253543676571e-2 0.121948674209800119269e-11
0.210238340782525661910e0 0.235097134715676414976e-11
0.254377322305766391731e0 -0.134981667465302376113e-10
0.269090316146836363377e0 -0.187646983776981182354e-10
0.417609082130588069926e0 -0.243995614480945399380e-9
0.557370116351004131006e0 -0.184374548140302414734e-9
0.976653219012171262435e0 -0.542944685996064706213e-11
0.559330407810755984095e0 -0.460220045327640846222e-11
0.460293608818733175473e0 0.288108190055853460865e-10
0.427281342488037212384e0 0.399670471736257018266e-10

-0.891656661900623316214e-1 0.247472999971370347799e-10
0.119038257752395996063e-2 -0.174600909759116648440e-12
0.272258528880117731976e0 -0.749106443312364499165e-10
0.272258528522827217906e0 0.260663173446036566805e-11
0.119038257469934947574e-2 0.438446857102418928540e-12
-0.891656660746766681274e-1 -0.284282268407133609234e-12
0.117538365550046748056e1 -0.474461290297500254409e-10
0.989669894667132640765e0 0.275514916328427339476e-11
0.432528612167007032031e0 0.153379660589123695269e-9
0.432528612884900640740e0 -0.227143614518494213472e-11
0.989669894683313297080e0 -0.739823838042524828396e-12
0.117538365528279142879e1 -0.230517102801919282484e-12

0.353062256636545815039e0 -0.163065612479118635797e-9
0.265580433781524693598e0 -0.122572273528474872187e-9
0.313496521659373505465e-2 -0.116637267643889515150e-11
0.208906650819113500628e0 0.466963397779322861997e-11
0.218365382250826684811e0 0.214064167071106219511e-10
0.221518292728072834061e0 0.269729752754379898533e-10
0.265347339380752408053e0 0.339844363310144292195e-9
0.442437044941541899402e0 0.256610538262083123437e-9
0.973706161623992272401e0 0.684162220556143105266e-11
0.563490659894737067168e0 -0.955806487017325789868e-11
0.535900106889751752732e0 -0.454932995978428109107e-10
0.526703255888103563144e0 -0.574853610181981066612e-10

-0.661348379568226469197e-1 -0.362729611565236823023e-13
0.880572491909417152230e-3 0.238236790353116544830e-13
0.201926803838110023581e0 0.207013605476452644538e-12
0.308783303517200738515e-2 -0.112716716169928221018e-13
0.265604677909323661872e0 -0.845133729979966746848e-12
0.353110292867372812202e0 -0.112224190037439955359e-11
0.112767929063645335093e1 0.126236870891423269558e-12
0.992484522351353673996e0 -0.639841912092320441729e-14
0.586900217496058307311e0 -0.401538279351781185467e-12
0.974325242424322383330e0 0.510010328240440014014e-13
0.442397001828048022214e0 0.177539908230613108220e-11
0.265087588295954690581e0 0.235131600401596897731e-11

0.352686217025231728669e0 -0.141118658601659292817e-9
0.265431347414082831218e0 -0.106048893570766938899e-9
0.366673858076545473104e-2 -0.894030686693856322441e-12
0.287123569648818617492e0 0.218212102033599197881e-11
0.125607332320187336414e-2 0.295274547212326225233e-13
-0.940330921186704854589e-1 -0.688125544636960032041e-12
0.267011966117446682237e0 0.294409601325805805883e-9
0.442681699428390499756e0 0.222255742632283988247e-9
0.969690899361308196176e0 0.574720625907618187789e-11
0.412758862838525775369e0 -0.351161985503566781430e-11
0.989308054224382454216e0 -0.376421279129485197856e-12
0.118149111801966995739e1 0.670166667385979630822e-12

0.280194845342230086687e0 0.294490149518196171839e-9
0.210491048590203297950e0 0.221211971318922313986e-9
0.137965833387101311918e-2 0.145244366825065363822e-11
0.137965834199277927787e-2 -0.354885812614013520277e-12
0.210491049587420777373e0 0.424543407478555337095e-12
0.280194846669245440816e0 0.685014857642783029507e-12
0.414977605033916300609e0 -0.614783497755089409793e-9
0.558243655464852067726e0 -0.464161336836361256182e-9
0.988041806757495426187e0 -0.122372598826517601719e-10
0.988041806708506609061e0 -0.149665152029986904536e-11
0.558243653370382848409e0 -0.926648442020291430998e-12
0.414977602257695073445e0 -0.735729528956151086067e-12

0.353052851407347040731e0 -0.125826819808978838250e-9
0.265575825684697461743e0 -0.944705508346957087418e-10
0.314474851689879239428e-2 -0.415542106641528927375e-12
0.210354261813038748654e0 -0.625060584244681045202e-11
0.254364759603686714208e0 -0.131234359384874328669e-10
0.269034925533873709981e0 -0.154060087288672735092e-10
0.265396934572703997458e0 0.263068879280433493527e-9
0.442444650871312699161e0 0.198654343685315273003e-9
0.973587799767239713976e0 0.540766771503975104962e-11
0.559018437878963030542e0 0.146354109759820171649e-10
0.460315349157089364073e0 0.280318863993711964860e-10
0.427414319583095722788e0 0.325067154759910246359e-10

0.352745503332275862847e0 -0.690590291420637662073e-10
0.265450283277364658651e0 -0.507977176761233856217e-10
0.356462311286742432505e-2 0.428129736273966511693e-11
0.272170110347771408385e0 0.665509181034637693763e-10
0.249666739690505090003e0 -0.343809137789193725032e-9
0.242165616137868530507e0 -0.480460262519322623027e-9
0.266790782436230280468e0 0.152267094630708851866e-9
0.442650859755704383412e0 0.113150337105412173919e-9
0.970231091714330865265e0 -0.385602603314568956328e-11
0.432876438425961939651e0 -0.116048306401451192110e-9
0.468441073542422222245e0 0.724290610540150817803e-9
0.480295951914277515637e0 0.100455588575101037278e-8

